87039823
64408659
94136226
37207631
38383027
26360779
9925270
8773710
34145632
72419021
44703449
33945372
49979288
54076551
24606776
33264362
32189404
65923653
9574718
97943834
85572497
76906558
87809961
10567246
81979638
57071132
56090490
99343840
7074900
88251941
58986324
46937400
1624509
86268187
64224629
33948892
18458748
82200839
45343082
81875693
87283706
30530702
94522441
70361450
18920851
13252437
52605415
40538578
5043223
91245857
71200366
11397219
22841474
61682724
94964317
20349609
35575405
72515660
6835073
23207496
87283221
2019833
60675789
20296155
46487307
77051201
77129960
55809337
8722002
41327803
58745089
62762343
47339429
1702664
48443632
21069433
35621870
23851626
64828300
47968938
69317577
8251757
69437820
33453046
22811056
27911241
98664720
65650714
74586810
12273907
44907714
45414884
7677157
52758329
46135931
85357043
15342647
40529263
34138490
74612030