87039823
64408659
94136226
37207631
38383027
26360779
9925270
8773710
34145632
72419021
44703449
33945372
49979288
54076551
24606776
33264362
32189404
65923653
9574718
97943834
85572497
76906558
87809961
10567246
81979638
57071132
56090490
99343840
7074900
88251941
58986324
46937400
1624509
86268187
64224629
33948892
18458748
82200839
45343082
81875693
87283706
30530702
94522441
70361450
18920851
13252437
52605415
40538578
5043223
91245857
71200366
11397219
22841474
61682724
94964317
20349609
35575405
72515660
6835073
23207496
87283221
2019833
60675789
20296155
46487307
77051201
77129960
55809337
8722002
41327803
58745089
62762343
47339429
1702664
48443632
21069433
35621870
23851626
64828300
47968938
69317577
8251757
69437820
33453046
22811056
27911241
98664720
65650714
74586810
12273907
44907714
45414884
7677157
52758329
46135931
85357043
15342647
40529263
34138490
74612030
93327061
92548598
11059696
40241080
61281049
62203749
38220579
68883097
15750846
78631468
3018771
38247805
29071564
64107487
74393033
72829520
91954064
16231213
522028
79528247
7717181
50047979
25453287
39750015
93897026
82436473
13032101
4310225
75450948
56761746
55115600
61820176
98859482
465639
24254000
47207651
99608178
1949814
83347322
25528656
30448661
51133624
25745099
44205355
51497971
8428763
46286707
5699469
24624019
8395458
10514122
39520339
31237087
18418789
62058113
81181360
64094150
13754723
31200962
79842437
49456757
37631798
4076035
88450737
65892636
21651453
41914654
71801034
62738660
28702074
58675227
40799912
89967222
27308787
68369134
20164084
96460618
96019392
44568091
76311829
92846650
7790971
30441039
16776724
62996432
81616007
82620778
81609047
93851098
10639908
32764119
58213804
42668640
41093716
5861136
16936580
13887981
53767227
11654303
50251951
27394721
22269933
73257370
98880337
95245023
2724673
25152092
59596216
6782941
77880140
80203109
69936460
59575604
80782851
6806497
29779570
37622898
72525767
27202141
12650870
74950753
80311471
73314448
59547282
49076493
44251805
85209409
67440131
27983283
52599561
93398963
25607024
21715451
1131953
46924498
32300600
69944209
26902104
97494268
43198010
51003168
63149149
45373447
8882483
32850101
79852511
9871114
78132892
98398391
6437617
93556233
84820070
17464013
6297530
81176248
65744278
73081057
12579594
60097819
13903552
88409744
18022211
41225043
88328747
76983924
65237220
94183470
44513175
96391482
71052732
72524316
51318569
45103547
83551061
8507786
67092741
46383577
48538027
99772201
64719405
40400207
65446072
25245670
82538049
87776361
29701439
70902867
98505984
82413959
74639503
32217545
29919571
97875629
46866170
14505050
41378094
92847086
39630673
86239568
22135730
54120600
65579960
35758406
56392006
35144906
3814287
24120321
14698332
70649449
61955620
71664464
5522609
7618608
59907287
32376918
35262175
13278612
14873778
20453921
32771899
39971985
73991871
95141283
76022509
58129903
83150296
34731810
36815708
71798808
5475410
23348854
86522348
7476903
61278556
97999561
16602042
11453610
32796036
72452944
45161700
91963002
85666010
20147813
14803331
96854835
3120732
99617105
30554343
3288447
71484486
34412114
66264521
45553768
98194175
392981
57120037
84629023
11431664
71672189
2971087
50127852
37758275
90227587
12835877
16657807
23953269
82067791
20178643
23680101
2564884
75186724
38299241
65303332
86634460
99763572
6033523
49976263
93434451
78708459
16568121
66090101
86709464
20300053
44099415
62420935
45310359
37678739
99062765
99124703
26860127
79342812
44752523
34750047
25871018
55073503
67373394
61847151
71844018
18191718
8745250
57842607
87267315
58388010
52647389
85768539
90224582
78961323
51677734
45783480
58372217
58482101
21500545
9408645
16534805
18750095
92200399
57704086
25254405
99635169
19067825
37960377
65897611
68337071
96866636
52271815
44542418
24043625
35976288
44876061
12578303
13590385
9518932
66325641
22193431
56222881
3792680
69790767
74789590
1985000
1400265
86532351
87024931
24693713
34143898
67846221
95822533
65425220
2856136
41197391
90118572
64921977
16472438
66467573
73588446
93248391
54661007
72200551
52660707
75696104
52184610
43457630
43844169
74474534
32777736
221572
97719862
33823139
1577100
92017598
80131269
89128236
60089307
2878966
56669183
22141158
90979104
67471899
50554357
7698203
29594794
96845463
89628648
71916581
56485889
73888009
5814229
67229584
75422485
36914542
25207973
83445015
17163148
17385002
67268888
94905167
65503827
25909446
1293764
66898421
73802059
58797188
65858320
25821977
10927740
83410142
51472536
21430726
27987642
65010917
96589284
36170358
31474066
41110830
62794416
83812124
69530720
56061151
6634229
65389281
51006836
59260371
78873416
88674023
27712751
12833851
40103385
37693672
98955250
71301052
83734706
19450092
93256623
6887604
14943176
14959340
49152871
61545009
54935124
75444005
75440516
63972943
53917418
29543426
55110904
19500014
90540723
41428320
9121570
95202572
62099054
85316193
34795191
58635073
66843304
95415085
90989341
94122029
4817539
68338223
4437563
74331569
93270334
66209081
98745053
92869571
849018
65334028
10548787
90114826
33939681
24500890
22753260
37638276
79120271
97366842
66601023
72825223
80658042
73170506
60355194
90625060
66204631
91746091
51216372
56964561
90926815
81543758
72533280
93645746
88961163
12809181
61266314
85346263
33402799
63491074
2410083
56206786
29012735
80306801
6017184
78466084
98262303
50483525
71662946
43991642
94271954
11915024
68531628
35158035
75841548
95606207
84333691
38151621
80649513
66046430
49121458
32612499
55657145
99736834
13184233
47246943
28113202
29174607
50765121
21390447
8741816
64637562
6930995
31268845
7763333
44477905
65860453
8073480
7562612
59483290
19387411
15956790
65896041
56669874
4445517
14838623
32817336
57010503
46563474
51449939
69487469
63599673
59700623
89775310
87841160
73979566
90144814
491974
94586573
69352305
53226374
15863246
39810338
91222960
96399641
85834540
76239562
52337295
2075172
62562058
38552691
88958817
26338588
90050102
31086727
43123353
15410127
74728549
65984108
98421305
14152685
44733717
9493137
15785673
56439617
62177760
60937998
26017055
22836623
18229941
8783187
89902019
98523058
74789187
75946174
94822798
98017276
30257826
498784
18401225
80530848
29754443
36890163
69968775
83960806
82970355
87036588
70992618
20014070
25927985
45625062
11104168
13041348
8848686
34292548
19224612
10230101
12702416
25070248
98600923
88852086
24914688
67133886
27666372
39962098
75676823
6896820
45627193
10290314
21695426
97518141
14017958
2192516
72411017
25138701
30411084
5016978
38220935
3894280
14710815
6698958
43203908
85043218
39308769
51206091
51409960
19323041
64132921
48995724
56234549
54415103
35958792
54254081
84028527
51946854
31706057
54521330
82141138
96837216
95551891
7680476
1300828
59193461
35456517
32243754
80509996
17661887
24696324
76707802
15508004
66048299
93696913
88330508
97867867
24434935
98581559
8881542
47965059
90347312
44300903
1347647
59665092
37729707
8534725
71026798
60482954
27978340
68512445
67578600
59216153
32198698
86967378
69891428
89169749
41543888
32521640
59820626
33398386
79188115
32545266
68963861
67485514
69755943
18355565
97165932
85911969
30459448
62263295
21754268
68175887
17624036
76492189
16102644
58450780
81909212
33538231
57683340
21309768
49778409
65693612
70506468
19735213
1522235
1695227
3880315
74511825
40961223
10133715
21185477
65313181
51976833
96755937
25779636
39737727
69591449
25232893
40910810
40687134
34372311
14878587
52858064
42466389
80656223
82876782
95427040
76191989
95202348
27371852
83351923
61992329
91038242
60947159
13030082
87888614
22071953
50954684
31788783
84940460
94516068
61740128
257231
72347099
6262315
22023992
64684429
53693901
73892072
96041438
68667019
53982223
2323802
704930
4557019
78621601
72369731
20295458
58461341
78222850
27326153
42465044
31157071
83820053
29892968
27966700
83078888
22069704
23767449
13107093
86997918
94772666
30028985
79415745
9088215
94905037
4308641
45272005
64608915
74657696
16241289
64450436
61913687
73692450
38674888
80962091
32321936
20137582
20326615
97974290
98843579
6267291
70186483
91171126
55086898
54746753
73864232
56685532
28157049
84091643
74370479
33232424
78781970
27479653
73083874
76172895
17092969
84167964
66861934
86276335
30547501
88223689
9851008
93975730
48728087
83817404
27758986
39984176
57312387
91405855
9936847
96604838
27471567
64257037
10505704
98696512
51714383
70366572
57462205
42644088
16656009
96766529
66366203
76606948
68446552
80472816
58070953
22501628
82203214
72296232
51217519
77382650
85149989
26453406
28948081
32531098
42153802
34600166
33143857
47321527
65928612
21911977
7911035
46835250
74029756
23095105
69917328
78741865
45295979
91416847
89095166
98974697
54804079
15512837
59495524
75198616
7422612
19523230
60759273
96707476
41325104
39652578
98775657
54890869
56347030
120556
11386244
86435828
73394982
39058879
46597090
16671041
31391582
8321165
49521005
18177798
39180819
1043406
77931493
61196715
63136029
63057653
8985222
4387250
21645810
54649891
17270842
75288305
74787821
61185907
29093563
83502918
8996203
73404572
30012200
67168801
4638498
6171245
3619106
30187039
57502378
33390002
70871643
98706864
34557182
1632947
30824955
81067081
94750792
15818012
56826736
1885447
93220686
14946557
77216355
36809847
30921302
35025764
59442753
68741873
30023846
66838436
19388942
33134343
22078511
64252701
11166679
46315219
66590565
87985031
71338130
97402332
95203457
84945583
800749
44715511
72692221
358490
78689620
31594352
50848494
28417795
48300574
97957073
81575340
34716296
7714863
22138125
49644927
16988407
28418494
40963794
12228511
31007012
90156894
16114389
99938631
8676676
14128104
28917922
18448253
43808634
1998292
24657822
29711373
39309052
40699021
66256258
76577802
22207750
85808302
17516859
97405616
15634587
13568778
99936168
52684466
42789438
77165201
91283467
62286470
75012117
712816
31303073
91305830
90809831
10696914
44717155
48368104
68437624
71773999
81916292
16843284
19191561
6148455
92780478
81464084
2023291
66257549
31478655
9359117
87187216
9007632
72352502
13494690
90313265
5192558
11119111
71057337
80752567
90731573
16106674
36944342
41808710
52474645
95602833
86925806
23114436
24644152
51648255
50683220
80700393
22223411
99331086
49317615
79620626
75952841
73808535
7575439
65357310
58055673
21941148
77465783
35005516
48727055
59480338
17619846
93959142
62412120
67830523
60108118
28532872
32696840
59237470
64331536
26826368
55754044
20993844
84754359
79054321
43242687
56599298
47948343
36553433
27320295
53730262
41435841
66927493
9731337
62505257
41465059
11444311
93385936
63444520
91846015
2906014
10375368
46134391
46437529
49818406
81357794
30547930
44633140
96032070
32230279
94422117
47002887
7412299
9068655
74445281
59726434
5789429
39634549
19416584
86776332
508474
9818035
71462120
1333060
17802614
27509154
33359602
83749474
91649686
89321279
90437763
55978833
41561352
49582731
8161257
25751139
58964244
18217095
74662105
46930998
33983850
21187
43966097
56279100
22813525
80925918
9828892
7579879
87022461
56687142
70986021
53204854
90011738
73265663
99002215
61532516
52053767
61565605
98569649
25794025
92514764
21697508
59591245
19901931
98469484
60020337
30172184
9181867
68302213
23495820
56854768
67063915
18155993
36148596
82038728
94753040
89792439
11977620
77092505
61415969
19337799
61280987
39326588
12602050
88536264
59955391
49574762
45143855
24834130
10371641
62561512
7327528
60317856
55156328
21850052
21448271
45715781
18656156
51818538
85789921
97825622
67278556
24741795
24765862
18095528
70983293
31475646
14943804
46653315
663394
61991315
68178072
39495804
54043793
82814827
40596675
94456991
70564711
12990319
28400292
16902275
84637766
7198176
19649180
72224077
60775816
67801769
58312127
29199854
18408790
15068347
7143933
22155804
48344407
46844286
46607683
10778264
26347986
52354805
62975876
96205692
23883557
87180193
89864916
39426411
59787552
19368822
62669309
14389052
6763604
48043399
7207769
31748244
61519017
49750191
27557511
20369248
33923484
91816398
94352447
23879957
12306761
62269015
68814761
81221072
99769972
42749299
55828314
82662037
60125338
55475876
45127855
43140198
43896760
52165782
26410113
51964293
85093747
36352934
66755001
32410037
57348644
43707946
64541596
1997992
85943795
80501716
35443641
19874009
56481260
30569684
74344954
11311909
95489744
23323285
20861717
52678852
19228758
33455667
635140
32873232
77911362
22898011
18224410
63194760
28710503
74106662
2348878
57822910
42456241
30049858
42993842
41753944
25747033
15148405
36868960
16622891
8274561
19436818
99582082
76867391
53471066
88649237
68520302
98294440
85009662
12120254
98722206
30213647
80777667
40585881
70258290
21929450
98860366
51883469
77228030
15456232
54942650
82531807
36742766
34887740
79976649
91493593
49053882
94722971
71379067
60191394
58193684
76116304
4335292
63628647
48906718
57352467
64524988
33194010
65561815
59681915
4571309
12698164
42052413
38720183
28884115
72182090
64222355
63311481
58706943
66346691
91074034
61817448
22355664
94050144
81998221
50940142
46353388
44709304
30469657
99207344
26992860
13833938
52371723
20585283
37657041
93040341
85408626
97865967
54367501
38638904
49640950
56214508
77263320
93484742
85505600
74793701
62671704
44019893
35318650
52856502
607196
39823912
56794689
17626874
59911127
87515161
96932675
39611179
1592313
34041445
32979282
60396554
56267468
22512309
65066600
84065221
84000273
37082657
51875771
90135301
30247981
80310158
23173184
77233668
14497094
709555
71814862
41042393
16778809
98583629
89744617
64030419
822925
66399409
87131447
39868571
86503991
25930074
71564461
89259912
77473922
97879437
46446958
12129696
19868751
43815347
15211565
96035219
54036967
8724754
11460801
39432222
48440272
31372257
1503643
32046684
43874734
7284805
42338748
63060132
98902457
71176205
81465089
58738386
24673958
85406415
79186036
49710305
84289739
71938417
40264242
90353916
11954310
11411421
27071815
34507811
3166600
45880844
39815694
79326826
56331252
84440730
91168489
91860100
28847590
81447111
74994217
61101139
30725108
96572533
6117686
4159142
86272536
32694355
39444720
4611641
67044276
85209600
50803983
67752294
29542387
24165704
75729800
42731381
49079473
33192063
74173900
6809766
25530038
26228039
48100164
68602476
40173199
3537579
58597533
19821703
57674384
62659449
19694257
32764772
26263011
69593577
40551572
65826840
49945633
43583622
48329668
7837429
8887796
56154804
84391258
53448634
78759574
3144147
30191706
10883677
30948789
48540888
78476160
61206646
85605748
77872538
97906492
85984263
2056393
20643940
72539659
53710827
5828858
73648670
40401208
68233569
1804426
23020041
59125670
20052551
51445807
2236153
71842048
98126065
65341195
98584488
71002428
84292628
88526801
90031885
6666267
85107284
34489381
38252087
67772286
37149776
62388336
75181946
61586181
70979613
43736882
22996032
79315355
11730626
25729088
43704318
97306068
57778761
43904507
24879217
49433315
19781501
58544664
70735274
13193015
42768691
8154623
86204948
7940770
93831858
20119870
48352410
83204557
95711588
74695824
96643750
31175636
56239458
59580316
99537874
61474283
47878564
58346054
15969779
93877420
13412424
57279056
51863141
75694305
1363476
91764323
18532499
55127008
572371
7698400
43178353
92178977
78652480
37566143
62362172
94036401
44188103
65414112
29628242
21516880
41340171
1611372
68417610
95592051
77800002
56602200
31042118
51685070
38998422
98085893
93050661
1953006
78381989
27433608
43739372
10080947
36443411
77630966
53963380
97084706
51943420
66659825
65107347
78742413
69120771
64532593
86962413
1723736
16430376
25260499
73041643
8517601
80323475
37138353
53611136
66050146
50258655
70986831
31589623
81588601
10387980
9235596
19586325
9851033
41014630
58810940
84951230
48723071
81927015
79659598
14853580
13078819
20014516
77873800
63373483
79776819
57781985
65483852
36527904
96094673
11422491
30270286
35911014
56208896
79095968
95883489
83968637
42510905
45622217
25759555
69241287
66355080
12332240
18623643
2061323
81187241
28244615
70371136
6603089
86542784
77007662
27786376
77210662
46239424
33200887
69741555
76823090
12371940
90900394
1989544
62330722
84051056
33509022
62951237
21208456
95422482
79360092
87989907
48612903
99209999
53399243
9763332
4016474
57061199
23055148
44545358
60976245
74094766
99859615
83820962
67060361
92049252
35132122
93351386
51188938
88304269
92473915
16297163
81986733
72255854
30295193
4817239
42603
38071705
72371187
53046846
11085943
55600078
23280712
47565430
71550695
96611411
61406176
57476246
83697196
8840073
54717843
50927272
19320152
1802728
97571334
63868431
37242035
45122407
31210713
80197055
1555283
85284779
36758269
16945395
93261968
30107126
81796235
67708007
27673906
89814679
16559901
60757843
71340074
34683973
33897856
70471133
35844268
18016909
92527783
32417495
89408925
55308720
13147601
10681544
22583665
67958254
49126960
76038532
59626816
81860338
75605738
79747182
12364887
67282618
49739522
71487747
7959850
54387577
12709582
73869531
54897791
90918219
85696034
50129379
18839327
3232265
25988799
30103715
36748881
16335521
61304314
62738615
11541254
8119646
60789336
45959216
80338335
58648640
71653748
89415981
80650821
15836958
62844722
71855551
21717653
52773139
1045726
42747634
10503812
91013514
85112052
52402264
45154265
11053819
55217012
17231983
46361941
62629539
48427116
34377771
97242234
30844541
4198836
75814348
7683936
20036575
14440978
35059376
77207019
15509124
43551723
6925086
37742349
32710183
89700108
24488904
3134903
11256690
36014598
30516149
86921128
13754789
77804385
47893812
25225239
29302144
84348795
58435385
25452875
66061863
11587265
40457429
1687148
36166072
77338060
93163427
43219745
94024298
1131274
86975246
51395446
86298103
45893464
41979227
2843675
58558666
91270242
60496178
40060497
65008254
87575118
30080149
86652878
58597197
32925302
64052204
32905159
25667053
6168194
41984711
59732424
34641263
10939459
85456129
41954703
3506313
48644860
6221282
10367945
91087247
81983258
85333688
20228713
27753022
90912495
35896423
66556323
27963050
74780766
81515130
93154465
84630816
41722705
68433324
81326242
73146846
59926880
86530726
3286299
9438876
45178819
22086450
39243910
97916481
3702845
35636420
10345359
79974065
82869459
86481765
92536875
86164893
82508349
80867666
50141096
74856504
49278429
80939166
64401861
87511750
11278038
64568270
77911576
86654101
84225468
22803289
67631704
94496414
27438296
48451050
69836077
66019950
70033124
2972021
80771345
6084534
11895314
59341810
49027602
87585665
97150029
61719559
92184919
2791935
57715354
39412842
28140808
86267871
4634285
54485799
27164483
17149595
62385637
66333915
31141911
69416312
12649553
26857730
52013097
75209366
32088314
22059595
3150924
65720567
78084867
66456579
69912811
92004526
95543377
60987641
51521506
21406974
55760568
79461325
87999887
66692426
64071136
9934019
40225491
74375780
60952903
35423662
12886835
80890964
20667614
67459635
77877975
30421067
83394573
87675242
70896384
99016329
95254618
93697576
34323844
55882284
7943700
95747817
12294918
5793925
36556373
75842189
90862716
33224488
67328084
24835592
60237713
19444575
23209461
36365253
64655478
60658784
3526993
9045361
38315992
57107464
28514744
29768102
83410726
74701382
2517476
6577836
66386671
66306331
77730181
59304893
377113
31542198
22683009
57490218
25013059
10198684
20115458
79621237
16065883
14741348
33830071
16284448
47663243
25290726
88046553
11634892
92862300
79381669
48780776
16284262
57727008
22767054
56348082
89286372
88477863
69815267
52898232
861898
27259272
87645439
16658773
61839308
26844725
6971149
67628746
97225901
80861996
49457169
99401837
52378112
7828880
83564889
2677829
34855604
16746279
28679527
8291994
61377044
99461897
81122024
80699376
27111112
59253412
1855274
18193523
38674395
95386966
94370761
39019791
99955335
9186890
82799360
2346246
47675847
10393821
54000780
28219970
17776200
24736665
68979456
89246659
10088040
29783622
29656810
95024602
38015351
81889943
31535075
72082398
87851966
47453315
69700822
34490325
47670978
46423724
67945434
58930962
68551880
13003710
53593818
10451526
38074919
85249712
24389967
10184716
32569043
96761070
21283713
71628124
93399391
61826340
61861828
51857781
33648737
50149145
46174188
54262369
7866755
77366621
1385177
37705647
9688955
36948997
32479107
69979178
27457995
77926661
34621202
13380360
34341391
72850923
81644173
34050936
66156452
60431322
58468688
57478326
58422525
42517770
58324101
59740094
46185823
63346771
9357711
84970318
89537719
25064889
57713063
43462133
60481386
2793126
22690175
27721165
92436377
63816703
85889396
561507
302641
23022453
60814638
31680071
6037438
41649903
58648555
78272187
91638784
30269269
18995673
92033190
98420380
97657080
40014471
9562493
69084135
87883143
54942262
11305140
99692524
52566071
44001708
8546075
82823963
38689202
88486225
33496390
15524959
5740375
34077138
34876623
40579805
47131388
63350597
94237726
63395049
38046183
53705038
82737531
54864110
64230696
24218692
30134815
50211209
63951167
54049377
61727739
11640653
84075950
18540298
12171002
94119315
17816464
82164043
34548966
28202571
16446916
15700470
81951501
45051823
93312076
98985196
85412044
7405621
28106477
29490848
73420098
27932526
67537738
20575000
75884626
49369020
47598936
84214442
13060989
39599793
65731296
63948435
47436125
25423067
19574714
71881055
38604029
15054814
97065668
32210215
96686146
24504764
55298662
26305245
47471638
43383544
71578447
31678882
73911238
56509087
63287085
68035823
25506066
36958704
8793698
59017376
28386911
15627346
7750313
24599325
49737223
2401146
16414392
64587857
24142614
31588475
70112867
39296840
41762013
59224410
98935088
74389152
59641560
33194482
12454716
73917291
45129137
42348094
2388899
27432456
14165984
3232410
33012955
63172554
30464219
69444883
65733372
85363204
70771124
93562984
27292723
87716978
25986980
83369839
3635419
21785980
90442501
47840877
47742147
25983519
66361162
57596431
35438325
84725438
43006126
80325980
73328836
8605740
86858972
35761134
5609727
33257305
72470902
40759086
82887688
90392744
76770217
71232978
98548665
58896511
8841766
65703349
2356429
43539732
79590208
86166980
76447636
4174682
14465722
78059717
64011539
80227089
79682687
11098185
84213713
33026849
18732424
72627464
62360635
45390837
92204821
4702835
78106709
92891837
33109133
1992507
72900522
77816758
1064313
97616981
67524304
55505679
25324589
82378205
12613158
46358651
22344583
27542070
7148429
39130119
93387435
81016167
3628381
55742623
14707535
47469651
83489493
93734223
28198923
91383270
97862355
93682836
44496605
57706616
21993854
42675580
62317399
12042553
23393388
97980265
91944404
48047863
27479800
73246568
25595128
24011452
74459910
96853756
67382646
79321755
65937383
58375795
99764370
42163825
10590488
95008637
95509343
94004030
91546509
83261491
2921151
68852886
26168008
59776754
59166804
39651533
71479257
97138694
57835082
82905495
5369242
75161524
81828959
73475876
23190848
91493483
36832228
31472992
38569246
30723768
72612213
26717574
92324368
69233833
19611576
52464064
15038958
4165702
97604965
13071047
27126014
75742557
27306898
80483125
21942299
28023260
54325804
93878180
15532709
42257548
1075821
24045966
10014501
52670371
69610460
1752190
85216471
94697856
34608752
67973797
64527639
94117604
92615383
86353394
10267173
70527756
12302029
67646648
57144244
50689213
99393999
44795918
92992639
98689745
67697492
26131402
40774487
61578461
40232794
16950413
46792254
10185712
25822358
61342227
95781071
57151124
53972796
9454479
45515361
95641062
86285512
28482906
61667156
20836296
64574323
75332806
82530928
1418040
15490258
38909615
29263110
98930190
37705873
25403260
98414283
79139902
86729575
73709935
79069450
73921990
82571183
30196340
28548565
5635323
95911328
17897629
99658815
42128825
30016
86414534
128080
40303520
9620218
33808854
44719052
57557145
5593352
73541584
61314750
81442187
62593981
31522670
89163681
62009921
29849154
50127386
87282407
4884707
98340524
64603013
39200178
37785414
4871385
44656294
13076727
73426465
37860780
76650148
43236396
44589499
40806328
66949737
30806903
21466878
2135658
92355539
95278076
68346967
53628300
64873354
16978992
33219061
72441660
81162220
12426394
85651526
4654521
81201688
98294295
74615881
49469482
3305364
83915228
9335236
51576285
84914213
80171315
75166068
47038327
37521980
98899475
91151213
57513432
20781125
40021598
1489284
49608189
65180006
72886813
37889183
37305471
55006815
77559509
55878349
18148985
78822118
76508912
59054828
31044608
57847396
45201314
34976791
39215272
98824758
88596160
3202112
87531106
56227169
81323629
63522481
39040619
28824856
37116026
74515769
15464042
33179586
73874671
4165527
76089629
81001758
78130284
40045751
15230029
44511284
11461054
17390223
5571993
26033267
48863041
54639975
68503690
35944548
60639980
18571167
32150151
93949181
21446419
59677327
79925389
9142596
38613716
92276580
97309473
47309136
97418629
38744041
10976127
86495131
19441491
89740442
39677390
9588905
65275400
13594081
42173834
43549002
96617735
87294530
26805876
72246811
84364891
5254056
92459166
53597212
45981215
45897069
24417725
94220625
40226755
97949033
2566789
70433764
70648210
12456406
45663545
69407667
42723307
50726711
42033847
85127535
13647478
65075217
11493034
42966934
74342835
41598299
50608582
75279146
41012154
31675501
49264553
28616805
81127239
294345
64906253
60907239
70894878
65876456
44920257
64497793
47471685
49622021
9539160
63172153
89095091
15259974
98122336
18198794
61504204
20666969
91025205
36181109
70636835
45019812
91195924
2443777
47525385
39687349
46506026
83969185
45175463
23502126
97736160
6765482
91692068
11625028
60382533
48018688
92559950
15138053
38867229
10716013
20821728
15265996
27523802
74543233
95060168
77783713
36217397
39710220
65286583
6810697
537835
96213790
84690926
97381875
12415617
49437643
75030590
77765138
70600454
83648203
77060355
4940972
43123088
98294720
97676652
26524061
14856876
94592044
92859058
54548475
91524470
32724120
18411993
37596896
82047869
58868272
66345261
71476549
35072619
6014587
12331777
3689483
38519827
72891073
40210533
13204023
13385257
18713185
80308552
71330998
4556056
16833816
23123731
7588860
74140394
66057806
26261637
24880527
96791554
31562235
12551205
79907805
24928809
82189087
64604306
16874854
29751909
81117780
13487314
24169886
96550818
22734841
74571412
85993100
76759742
55533759
78660656
42775566
64074478
65465197
80794660
5686256
68153934
15767859
75901543
31314377
76143183
99063517
20221971
92531918
71212189
59799921
22609985
33782825
9406410
16272711
394592
45630975
93384796
69377598
31277057
30031833
77376307
91698340
96035131
39641172
22580828
82335970
63919237
54153285
7044566
30231341
7497832
66350641
73772251
24311939
63490332
1914465
2074933
98990909
79813560
57360999
44573688
59983274
39033994
47329621
39917934
48001601
25594622
44977021
45027860
20870025
13910737
72022430
72419880
30861915
67636400
73776642
88605998
27271492
97811318
27574987
59172306
84578296
83237508
59915446
93688782
11550813
94288716
70216088
81300176
18281603
2012858
54835116
35851089
8416532
84011594
75770192
41618228
9944722
47011800
73623895
24742785
97605752
60346485
51281994
84122700
15705487
65547527
26971135
48873696
72384207
70848876
29001290
46282870
72817485
43321927
61404387
44118765
47618628
92594930
76593486
12724178
24935195
39912818
12033646
80624982
42231705
50873837
24538986
55270730
10569187
24942675
61724383
78361370
96288696
80675960
78807472
42360419
64297241
35648154
32434228
19341882
76706127
45596824
59923379
19877923
44535475
8170365
22109367
18698300
59939494
6026526
52679495
11257598
40790827
3942602
73775732
62174985
50193468
8874887
73155979
8596666
39488613
37241890
15579548
96352298
55441070
66765057
62554591
48456313
50458745
14769426
40410852
22630145
99806383
48875160
17039102
24465456
33460299
50306200
89989639
14243562
63896890
94716848
36736938
34384131
28251529
66598981
67556439
71967578
86911424
50383974
76722394
15814410
9919256
34903762
63188405
28516808
49541665
94356433
9048345
52570668
98906176
99481778
84708174
59636297
51580341
19241640
64469742
13951241
802732
45008275
84315169
59733627
37395135
99098100
76558712
49517320
42724895
45328477
15271861
59565290
15027710
93965492
83550854
59440233
89971609
79543223
78505348
51515335
57803805
44746968
38965210
36325356
95602592
59735864
56846441
96517263
90415836
66662044
77956481
9798749
61781818
55308510
67855250
89485791
39921023
22573104
12365915
81719475
46956893
55877653
84637973
72536095
7478744
4785683
4015167
58082415
99562978
50746052
69242190
15355345
99312705
14485782
28800074
2758919
92185356
15126727
90859303
32546704
82600722
44739328
69840679
75086664
63602716
86609442
75143771
95707351
94538868
92566162
11046021
58218479
96758399
16858789
24535781
9767284
88961994
71435821
96953298
85385698
95825290
58891558
28334704
32949761
1738722
35821636
1115866
13818432
21673657
38686558
36782546
33601674
42305886
49510578
40259374
12027286
26728154
20598434
73357182
77917710
74866468
76389831
56289591
139560
62022807
33692400
38446972
86811137
53102784
67676775
15809020
75652967
18923824
6475999
2377046
43654000
20999064
90037311
44618991
50777354
4107328
85208795
56150268
82524467
39335001
74600171
2836764
64189927
82935786
17817778
12023168
89617609
37858250
87347762
14345545
60913128
17625514
84388727
29275152
22490736
83564264
70004341
66882529
97151629
56357347
31524534
62474295
77773286
25310801
74511870
31381677
62902112
59856106
96821499
12446489
24400675
6498291
61636112
81773020
48943211
60479430
99298737
95749924
85536650
24990695
23429304
24972832
13573688
59208658
1046603
9510783
88067701
12755286
91475051
90775275
30477750
88647992
31892775
32310294
11966059
62481435
44392794
30967042
47926399
94466858
97140247
28880077
13568776
79487316
41709309
70001618
36654122
70840287
12892461
90944540
55379872
48704616
61438915
53800097
72186237
29772298
82105440
35979633
5671271
77842975
30675723
29840522
24998664
16321696
34790778
44672472
62741731
31021948
67077313
33718332
98431366
74014472
81274837
22639885
70171763
91373270
57513580
69915723
64094410
34109143
8081754
71613937
34628635
76332138
2305042
90334266
17543772
41342560
63907272
70471061
50789429
35779274
27963928
99028413
10179164
35700641
60073345
29608038
15736958
48327219
9067124
25144295
26245764
84532253
56939298
84581086
19281075
13290600
98035767
90548512
42346213
61875911
67671184
13015777
6719907
33694175
86150281
21027160
15485237
72229891
61291494
40729918
44644284
61945170
24938501
85397093
51843997
570770
3051029
79825177
73587322
3869607
5222892
10504539
43997316
22683458
85308259
56174171
40717307
57872731
38531305
73965818
5867828
64667169
70450519
50278062
36186720
69999433
87615071
81322621
11119539
10513572
19508008
18169788
9615076
86138294
14226755
4089142
1626043
64558039
40842682
79852174
60068006
51793916
57555921
7067671
6615100
77340139
12274829
67448780
81253460
68458884
20796434
10455998
78721493
78110725
59813058
39616948
32917776
26164287
36524242
40265072
9272281
63801672
83117507
16643369
15018538
89708535
61096515
80810572
25638675
98536246
59559508
73794529
48152898
66718668
63098119
12281064
7977599
86757982
18827069
47181272
2800699
96812940
37443670
55579883
44420344
54077579
45310190
64453421
88538156
49174454
29206693
75229550
62754774
38795640
89157196
98635370
3738718
18894416
71952104
85452924
33535891
88063805
51340176
77668442
9723914
53138279
17424673
86685456
31808633
83819544
55793480
79380363
88575531
31670891
61140012
67740530
70409624
97327012
10916485
46911824
78854583
22003632
62826162
74191142
27638991
94344029
77671612
23260806
19888078
29167699
68850283
56150497
65560035
68556556
67829063
96588009
74246143
52922647
57714893
43572545
89223818
21408219
87302570
91252573
96408139
85918972
40164831
64335528
68932989
30835951
61724058
3430175
2534065
19169461
5811228
36834990
53923725
7494219
55725348
43658717
55953202
39891891
9460642
62849364
21045259
31293531
38933898
63457159
69889237
38502789
30063130
42783704
44258715
25160039
61483488
13085542
52475253
96655455
19329563
77668021
22930009
77763067
54405463
42780276
45307751
10373475
36162527
6294812
52020107
86419660
82334120
45637088
97892774
60906241
50413635
3984405
12583890
94763334
93203129
31456440
16713236
26840850
74643896
88248047
33298187
18918409
1605735
67487519
2913374
77757056
4124825
65114502
66542352
21977478
32209886
36574618
54424143
75796109
51638077
59080423
10066958
73000152
60895386
25835405
18826727
62442347
85692991
70120205
25508909
79224744
68334768
4308802
38507144
47762324
67818029
85747140
13356909
14304520
56814087
24778846
35165171
26660712
26190963
3620340
41426473
41212050
78982628
75994636
9342965
7917118
47914508
88551860
90461420
27670776
66924826
17418031
82560974
21215685
66455444
92938692
54347087
48099203
99461247
7640262
62892749
66797279
74879980
13870933
67615115
68529151
51465144
50251812
11526765
71673570
22908109
28165599
45568797
58799080
86139972
1482527
97276180
91823920
22770303
20515659
4870221
21195063
61345480
55326656
29847854
93961559
88595403
30915699
62639039
24004514
62921807
42187915
8971313
70807539
27168690
89295353
95767190
60722009
77341384
51694051
24305274
2067664
84246037
30299754
12225838
22503623
50080569
37706204
72482990
24485888
96098161
38659149
57538331
70771604
90916404
20703028
54101691
28951718
65944317
46780440
31534949
80384166
72398063
56212939
64871717
1195771
13204257
37120932
39769099
55436563
81376985
29286806
864183
95789988
3822566
92443973
2045614
94943178
72803675
91727998
26220017
46040327
39065414
25781284
95992614
20237928
69385663
25786893
44224447
75395125
44023140
41144070
21326887
41013692
38567337
16354051
77646032
58542678
4588518
43597247
29533780
3571954
96623085
9527869
49028996
61927087
61582682
65866514
75008611
93120659
89492616
13083969
43723581
62380626
79647487
39298056
161916
61976931
97106182
10503136
28384329
10464402
95301629
96488602
18125037
868208
43093524
81653183
34273685
62964318
73375766
69725120
27669979
86773632
63418666
3275804
22130347
26801500
29338451
3052719
57419922
69671903
99234905
72281339
48283792
99544059
58130638
1929471
89025289
72822550
79746955
9835421
77342813
27477972
34031384
98454430
80719337
8130400
89718966
83573396
26213794
5121791
53393491
72786089
10842711
37429615
14100777
57783215
34048564
8693266
43193149
76617449
77443193
47440040
77045072
57735424
78746412
16838412
96979840
59525717
91470415
17890037
33926245
59267288
38022621
55641800
16944157
2450532
42331303
15547299
82325228
55555742
8348314
49072524
13495723
73642166
43115499
55053883
93837989
88486695
57528617
26455218
29615508
79477835
66925964
96839833
17768861
50450728
16422669
41364118
74978106
6912674
15190517
8660253
83776610
34799075
41529630
41315118
60648954
64872867
13335845
79296750
40921539
60669589
52645287
63675069
51351608
779272
19707775
31230885
71981376
57713744
72120457
96878025
8608539
20838033
25739305
85804991
45579986
33963416
64518827
62710131
23386498
64116243
443993
52047607
14352615
5153194
51431186
73463728
81231111
56528757
99590927
72938511
75614934
96150561
18126230
58778008
84589545
58224953
93806370
58597559
94009903
84395493
54138685
99940900
60872758
2933242
93145978
35546723
86748172
78759364
30682869
53788269
35602041
68318864
78864548
74664285
94774116
49502171
32889236
53874543
42730168
32318165
7526196
45982506
61943047
43043803
31750860
48423926
50089387
54246754
11464615
98219778
27618989
6381470
32404971
26141597
76165799
48701131
93214178
85971660
58259993
29238391
37632418
62634916
70699539
72352495
75742156
57585545
40416779
40376518
60445557
21383693
32152329
76479697
56158977
75860123
46315104
84802658
28289253
24854919
26849888
76279693
70985490
14352663
14344420
82854568
7488691
6571437
1753157
32356467
58872679
93834661
47970175
12532850
33649918
21936960
12057520
79520709
79625010
71211108
15782542
13889526
2971117
67758547
87055308
68109653
56774269
3743771
50955857
15361890
2135435
26532336
33785215
12520331
69406407
26779613
23370122
93961460
74807483
83427503
20768821
55157172
82137033
35469523
47289532
2410334
63302389
49172061
36873362
95139847
31004978
77034955
1777811
82319342
67142756
59859344
83571460
63044597
3848771
43017545
54728092
20515592
44294952
98312952
53939327
65720833
97143594
23855997
9974548
5228569
29082515
92619054
57686798
88159173
10219787
69748033
87784445
51973807
9633551
69784045
68322459
57511540
85248650
33290847
69807978
34417742
47311619
3730529
13243724
83279623
86587127
94896465
42672684
41633954
7056787
17031204
83177109
76190083
15637250
24032641
12658004
58387634
51015450
85623220
17877144
927334
97238085
49196809
25721080
90774528
58277903
14460460
10604471
89919570
60041184
57937653
50541494
22383937
7914510
50895602
73907366
73345975
15596882
53151570
22630564
45998968
32335660
18573723
85140931
98793661
65646432
43989684
13475270
5806652
90992368
96262895
12156852
65765838
20262300
51235055
66077731
72911025
67278427
17386174
75330254
80930420
50738216
57595336
20289033
39390998
92343935
3275135
57490339
21118085
75521993
25706581
93559230
24510085
37057180
50034642
57368291
92284586
43930453
91097399
48809301
13782742
19542255
35577511
48126990
44856993
34711707
86772158
36332278
59600246
26612425
46654117
98122923
13269716
94434363
7105034
44217512
8415623
66467666
18482407
15808992
64655247
9406108
56560647
1896622
27825004
89656169
37349380
2400085
50493656
7062993
787568
37363708
94372198
83714088
19015704
42437319
81442926
26026910
40468590
22506391
24739973
31890852
74601265
14344417
68356209
63464626
28274799
47976135
60212833
10699559
37885302
2673010
26699947
18790392
2568665
19824368
88610639
4824714
52577048
81509916
11016083
43959148
70589761
78170751
4140519
56805585
35159164
53767260
64410459
11330606
35431114
40407679
56330611
98029174
77493774
32756389
17563305
87305395
81127609
87350020
35013178
51738391
61106618
28066921
65004888
95867245
58142521
22303927
8990033
33353268
2980320
24852888
12020360
37357601
59706745
82997077
91445517
63418934
7803097
97715354
72856201
34362695
17586004
86644610
15879259
99966721
31981785
11852842
20386044
12323287
92559414
81078271
22730356
30762965
54489904
97617438
37446606
17024499
78400490
50114579
50561887
72190231
11069539
17879819
84546681
13508167
8618671
39577851
84770923
69447925
23392290
29084398
40719547
59039451
92417998
9171988
3847197
52095752
23937565
3841242
51373203
72813268
69012170
55034043
36070104
97097787
5797626
63357415
96991691
6733668
59707369
11891280
65561603
42865391
23842004
25831655
56147536
74256455
10471057
2407994
42058560
91016722
89394367
1038540
42492517
48617529
51475694
28323310
44834389
22255539
39123979
15457252
16030473
7284464
88018705
27036546
30412215
69874912
3508497
22390190
26214766
143182
90090446
59874020
93044772
67864118
31049045
24540266
6725374
16312614
21571784
90423265
63955435
37123515
3849804
63402108
6614644
51835203
58490513
48854026
36180233
76454469
11818753
85028788
65405816
47262877
59198290
93217846
31868817
28054536
78481546
24742380
96560653
26324807
69876205
32968473
89358602
92498698
84032397
76649617
5088429
76913632
58778919
72817053
64899061
74342924
52481135
22948991
42078499
98194825
35647082
27774580
44848645
3750397
93480153
64118499
67043548
69923432
84817172
61944572
90356412
35545846
94619756
60341220
86197543
56694644
56475084
43955981
95984538
50878989
25663923
72911313
66131734
26742095
96201229
46581863
56457887
51245484
62617770
29686309
66263019
41650683
83468874
76705174
23694062
6840422
20036195
68905162
78536923
35723656
29600358
98541717
6419355
78984198
12820615
16846542
92097898
7079870
64829862
666580
2515269
26058992
8643812
76107058
75537921
9347428
61453970
61275055
94821725
98808696
41130197
58034371
66632180
99854723
66784694
96557314
81923187
42290227
82703335
14375245
8204200
14612189
42248378
97475851
49867367
84283452
19658507
31045285
27537185
60603187
90432501
60713688
39675194
77106857
51145160
99833639
95470592
40283881
52037240
55771436
13054168
39130192
83478047
65678709
92126870
90701625
87893158
26336229
63939248
86898111
89939833
40138845
72068483
83949332
88141251
21481082
34928690
44527691
74856871
11242838
64677704
21845543
86114540
31170828
94987547
43772454
92285024
51756668
22959107
20041877
8862466
76247399
22306249
92256424
53231297
37946334
4662940
61966832
85922071
58462099
33811845
65323673
53480722
46402433
72741929
21423247
86686344
75162630
72878202
27306239
87270462
26253132
15764307
63520344
16397423
75759839
38173592
19277181
64942776
31376683
11652156
13320665
5966184
65462889
7526755
92684072
47766740
85511945
11190775
84064997
97749648
88864321
23578583
45380930
97325462
98046297
9483900
93078752
87910396
57817255
42088917
45209900
15314463
82228303
62661064
95518611
38567307
97422408
17625620
926609
58102310
58516396
56985713
9723710
56425389
54301958
69662350
58810260
44305955
55290241
71885053
89211144
89202993
77876772
94157712
66371124
67640697
87607506
42607620
78718592
64139246
52036512
36638313
16066074
30506500
74378551
67295990
65654236
21564902
87957326
29507394
39313887
88950411
55007612
94249445
70197551
58465477
39808128
63467858
85326962
30860734
99102892
83067708
90055341
98023103
65779600
97113754
89919448
94331675
46339079
71370372
8375867
66387373
15092645
56217471
46447022
45273356
79752151
31681540
27229030
45220488
39590792
73605708
50342123
19488354
45150322
67701611
17141487
70322562
56233607
20074048
83918074
76201329
34439060
56137488
77538302
59033591
44160220
32653492
61289546
12737895
82888202
96209387
72321337
74514419
43097606
42887584
25018910
65918819
7851135
78773399
82305367
37482111
56840980
18981518
85509710
52503385
19276542
48323335
38962314
84792351
64913069
61963684
19001137
39041411
34804012
42724255
10726774
52835553
13128593
84096841
55815218
76645844
19150506
48594703
37498068
50517564
72531867
87798969
27928423
36882477
75737940
21742336
12123892
76749267
94794557
28741522
88019741
37182146
66986028
90211346
15865857
10878298
90684285
53812244
97507458
98167722
42803828
16558676
55694980
92136379
60818891
34397363
14062336
64283308
31784342
77492406
52761781
53589287
36376744
95931072
57643246
41045125
74190474
93680151
80860085
42399362
5471645
79861892
6716374
89857475
22261082
72187562
46824319
71117810
55561166
68283263
85241569
50708802
57130570
55898395
39480008
29862629
99005322
841292
45137423
96581351
21326942
16068069
59711905
74024985
84923397
97551659
56948264
17672573
49028346
89970576
50072304
25280296
94014682
35739023
75167754
62678102
16484720
15382857
69602653
48113419
19692993
8888761
57336348
50648456
43510115
73081180
41319677
30194999
36374681
92519095
44432165
68446775
55896832
87909801
17401206
1261601
90128775
19065027
97179024
57960322
86838777
10070452
34137937
64739662
21103864
5570828
98419321
91489163
92622519
78977084
7670093
61615249
68742587
28805472
99646526
10630564
3775185
75498872
81303187
20206061
18328819
33645082
14579509
34641940
13135105
40847106
81477132
68172448
92276179
6044437
54518358
86562366
9644579
77745540
75435445
86855616
62279012
5107240
51820456
25669333
86108092
65748749
14499533
79194673
93275208
41908068
86087538
70001505
71850041
451911
90043293
68638350
35945744
8717758
45817940
79454530
69503023
4946819
11505578
93815759
59379349
88332337
3661069
36915565
72845563
61081659
51501100
44001601
23993494
39443593
25060179
96927886
93429684
96710532
9645735
60784447
82845449
75570359
65169073
37511605
36323205
16394437
19309925
88205287
71495101
69392621
25109685
47660368
36173774
65042721
95813193
54285758
89495808
22442363
63709124
1628398
39922936
82098116
85080806
20985212
9666576
51096404
55511937
45595478
4814985
37689723
56173992
55321392
41575500
12664629
42948301
81850855
27819366
13451858
52367622
2965740
56132324
60583608
5364480
3307118
53228233
79059271
28272074
72775217
52952070
32610056
63135667
60531367
48853686
95082927
16017194
62590961
57390436
95138020
65748777
38900962
84001145
1673040
33069933
32763474
74855802
50302794
94637461
33930032
79983111
63440784
29672148
42681836
10637648
97795667
23592378
47658623
60404618
86607656
98274530
49457728
91715133
44379496
41999556
31164915
51659131
31761623
62843144
89757213
9911188
3786989
93543290
96339112
49185285
91490473
45281437
92992855
75960779
87407250
84789341
88918320
82355466
39510695
43687706
74378255
95393421
83898201
11837743
38680515
9206801
42302544
92969131
22247641
16134101
93374370
1748840
95987583
55650311
20164521
23968746
46313336
47947182
50405289
60834443
51921068
61814459
11956691
19266302
99680776
44406475
51157279
49695534
72475938
26229437
988367
50352117
17632974
39617788
55009883
99779798
239004
98860114
87974996
18326674
74622096
4717984
24358538
36845521
97061580
99013930
19268234
53595545
602736
45596325
45379363
95829430
79411497
4594596
2189099
26990412
27616767
92093749
38701207
74610978
53320585
57236485
72196584
60273330
28165815
19740978
39313823
6576495
6462301
41428104
90852072
85997261
58454434
63203751
8779499
98329733
42119185
79253985
58292257
14405642
15240294
38498144
55958526
55631815
11347395
4503399
4036637
62996667
67864203
29881987
69950907
31295480
98912481
46084218
40024448
51779007
64932980
65416451
40854416
40858535
33527306
4049521
25714804
83708208
80734497
17928664
93601907
7570564
67100733
4074251
29529757
63384278
67660229
63161873
73864925
99309620
28937918
50308904
68408134
84552950
91008005
36704548
58893333
411983
17053347
47353603
93111454
99115690
2300076
179895
48520999
53548119
25911561
47230883
83240932
13629380
3436754
51406322
72741449
87478565
80747575
29350438
85910821
11590048
2874965
81770831
82329018
75122806
47765364
92073655
37973128
67144376
75289063
16274754
62179917
65707552
93875232
93849065
55018158
51138357
608011
40818244
67812358
46206065
50486055
45764762
87288741
79479027
5127072
68012000
69303767
41886370
27593004
63829330
37437502
80646070
28332338
63410421
73964070
8718698
94728971
11691966
88895617
25318663
28615851
14151229
81013172
8381
87195785
28944836
66347369
64963928
53671029
66040067
87066926
24337604
71665666
48185476
82947136
75907600
26401563
93054376
76211947
63171183
52249910
92514687
89074263
63763999
62312601
40862159
80549444
7467011
43086361
30300795
2473485
98155987
78976526
45319237
18160282
99729027
16615609
83949882
53500271
70318859
16086411
76807018
4539901
25877535
14009286
60047537
2325091
92306983
19808305
77387540
491707
45005887
22128403
17617939
26069010
22833478
63679573
98632605
47147765
5019368
12703240
7492774
11286904
31261771
30039146
21425037
24632683
25484481
24694587
37021287
80444287
2503887
99047134
95762353
1870606
74579336
46389973
2556750
33685515
83965316
42093127
79327847
22248031
67971862
9914957
16781361
220900
22465450
98780510
23944678
59932636
47944640
13717086
92969135
17607726
24231484
67759340
46335626
64326285
14272610
4015611
90634038
90863305
36125492
98846479
91944555
76131308
28229167
73853920
88802485
84250157
5973623
56603350
55669701
36595115
13820336
33083332
59310763
87607966
65458792
29373691
34520562
51990433
47564897
6472091
40419299
9314820
16143076
47772354
16214758
31156785
15873123
47551258
53724685
27745624
27544502
98247871
11051046
62273706
71483439
86818845
19213796
87400299
70094671
9876126
73774194
24708259
24877823
53278739
80574572
22859434
35092121
31839821
37714855
36116981
85101719
96443640
51044100
85157648
89049839
33297998
17914680
53434787
9129400
79823364
19919460
17456336
82613774
61184035
43633704
67331308
63270244
18891567
97736188
22228785
97658304
80585528
24442148
11488109
90095550
33174883
95699311
88153858
22489723
93129056
20592360
56443140
9116574
55301591
61303336
87310495
82924884
61142815
45769905
77813630
85722431
70044414
77575602
96718148
23238948
87669833
67750712
16707777
14123941
57242896
1581658
89268857
47388540
95920102
80208557
94625131
69542145
30140791
34613472
37378446
18960239
44236998
62286879
27028630
40974862
55903577
33775222
8908843
31234858
41437735
15856044
12433596
12179695
70639532
96103645
63901397
20802860
6722261
42281805
73852840
64968640
77502965
92417933
27360360
30409086
39980282
27064059
60013859
55286823
70439517
43175251
29645712
3582274
85256869
67264415
98966505
76905884
89677316
51093738
76509859
14885059
2279441
69798718
79239128
37123654
25196775
19558407
27087570
52036390
36025722
56148973
16965164
29249286
80373913
89261079
52742282
61462788
35670144
43164571
2320968
49385014
45466587
3800603
532966
8669344
93762123
60864250
33085192
15579945
75019110
99104651
85854266
56775562
59547417
71858530
362758
8983351
65271314
84099315
63204953
73323833
28882695
16629020
72715335
24356006
45542997
57658943
19581664
97320849
25774284
41518175
42506918
43285751
32434824
16058309
72399646
97851779
12027938
9899788
3713216
93022647
7987611
3050930
60435262
10762223
35847583
12028637
12646199
88612972
59935699
52608945
34324420
62632424
65066132
8424368
55412653
73097133
47724141
84712425
8205710
66117461
22395394
82284719
84370143
70052353
63447400
68974178
35124463
79379002
36829890
21882965
55108732
65176953
21149653
76651571
61850850
53384791
44507490
47119594
79346720
36032106
53909967
42284935
67762551
2986606
94732586
94858983
88777929
79122434
67865111
15719864
78928724
51578740
45465810
268799
61024670
24763953
93026940
70277841
9633489
4838944
98554765
48789833
75818459
39636290
8497503
55166339
13731374
5454774
12769392
27703948
47231653
27475759
33839744
77140760
42689263
68637670
28584701
42841306
82889841
522599
69512332
12645822
40174467
69950896
41047688
45081976
12463596
98293041
73585388
54265293
79274685
65577301
98862925
53210092
7004033
34835121
13388724
39018117
79004990
90309926
50874365
26686442
55790045
44417175
84764874
16009128
1949934
81248709
53041934
84101944
39454453
8412422
20286709
72336749
14010078
72053329
80438627
87425032
51528752
583031
74292933
12226764
35789688
52787947
84627385
57310150
93134552
80991736
25976249
78288589
90904755
13076641
57925023
60270860
86899825
16393717
81301110
30984684
18260476
90540886
25754990
26077731
95892236
8093048
71885324
26383569
81018844
10889965
78652723
78988527
77313379
57961644
62727257
70955283
1574605
39060353
50617200
71826392
74888827
51333716
99090125
90225958
95603212
25877813
20155466
24155275
44357569
54320479
76340682
59859009
21244875
43807269
32900598
67820696
97889435
59932780
94984633
5806627
28501099
72944303
71890598
92967085
18789402
6752754
87098236
60938950
37294318
86926523
47507843
2424613
55309531
58678015
22747581
16390460
43948540
66965913
91247039
90702970
25594514
3811621
56583505
32559589
33683806
10842027
23132544
89236709
32696199
19148568
83352400
86907861
47024847
11376188
43796291
37354926
26615958
53019660
35769309
75307957
15950048
13279876
60130476
86682362
94831571
33487903
88332919
68348071
3618238
23389176
56726416
57649657
44330028
47594024
20730116
66468231
77728028
154853
39731434
39768217
7079042
23317699
44050339
55152347
82434793
11500680
86704024
38457234
48078978
95651306
86757440
96731749
2961555
16746328
92223797
21293854
65751871
3228910
7099531
20552965
82336361
16064988
51941118
11897062
81261593
1185154
34573537
14211934
84677375
3990386
71848712
62813897
53241232
33531933
55366030
82421424
44246384
9895137
99689109
84342350
62157249
76230018
18947659
84727740
33488894
67238217
84954812
70893266
11311803
82216031
44796654
39809171
23575570
20662658
31815651
10699107
85552762
95846835
75105088
11489986
76505600
77742942
67567055
56030907
5138781
91900542
18929716
70399033
87973191
3267247
49813438
53335688
30166628
95028616
54330667
38674887
4531444
47049368
54253162
85515472
21118446
53726242
65844893
14224369
19064724
15681972
43018943
36552997
6754543
48114474
36856780
82397205
22444089
38399533
52475938
96471015
37014243
39444015
45154272
66106200
16620062
44485011
4378358
30488687
87600277
14557054
25525952
87016547
63941677
75382878
27478146
40356328
71916521
82287577
56912238
59541904
28751928
52761365
87606508
40487929
75356053
46955812
67118526
55500217
18220766
67308745
1259184
26302788
72947244
2072091
65928180
87226691
78978004
19784571
98675405
21019075
36444703
41657414
65413091
1713537
56309688
83851234
2588296
15205117
95164789
72155050
29948276
26217186
61110134
30655433
8165792
84071467
99745571
1628956
11843901
38249406
1017434
78999002
39510111
43737789
8725479
57539953
92933751
57303896
12686707
89243843
86976846
53404503
96106479
20423836
38425569
19146132
40112402
86948764
18233764
55694516
13586859
84758315
21056883
98602449
75110799
61396001
89900505
96343754
80384124
82660162
49324042
27252250
71373372
26811807
56738565
44482652
86273218
88668602
90299155
78474450
91567190
62081665
37425984
73710476
65117462
36790151
86739327
35988780
38406413
77828318
25915161
53458891
28201083
16659590
44859140
19370425
78784427
80003039
13190612
2422317
31106654
78007207
42290860
98467579
87273823
24163117
35839170
58945110
75276664
40841048
93210664
64529034
73886560
3145556
30571499
82603953
91992583
27827036
85194249
49830304
52143617
52429917
42922797
91396172
38562439
18817145
64920140
41338030
79082483
58365596
34036987
10152170
26236092
68984110
18102354
79712732
97325066
13118287
24558133
29970040
16915324
37423237
72550374
66263804
47058461
13385036
77565470
57545569
69555571
10587620
69315506
8521801
78467683
26104522
19540337
95527583
72409155
95194143
52544540
17930134
56197015
91948434
77549352
40834872
2535199
52261758
28929011
9593576
87652110
12680503
33314416
40629601
19066699
42494485
42851482
71270316
77664092
43160184
80694144
80917071
74354375
32955007
5030595
68984985
12014706
30846863
94797579
59396801
71451187
32301826
49632929
33774865
44093260
20819451
50291685
69343803
5176397
86506952
26113308
82666586
20397177
58397420
79092331
51627685
49251976
2168234
76862709
94913455
15571419
77603861
11580358
4225524
69010738
50641941
73514145
27739007
57367178
60915020
99215708
8372761
62336514
35832098
20084941
79642597
3269054
34387115
15838160
73436665
64314103
15880408
14458535
44054038
4684789
8239912
92396774
58964820
62566201
20726247
81539610
13732899
64603389
43424688
29417723
67231133
46923249
64666319
27430762
87832666
90562024
30376056
24861679
63919207
81553649
48010497
72961988
12981476
93761669
75909135
9829921
42478683
60725098
99656163
10313556
85185781
73621413
43697389
17218333
66332345
21452946
11939287
70708878
83574713
10163339
5354287
75654515
70482071
60840468
42391518
49641593
33870750
22303959
17753389
87760542
36740527
33972042
47416746
47393007
30476946
4179798
11011528
76950634
65480898
45579852
40018854
46648149
4035286
92348781
59587940
33710945
57234155
99888439
29242860
6015540
20506096
2753055
28534624
69169380
15584268
86684671
95423305
68656357
48827447
85844433
96246970
48334716
36022780
47342046
77274940
13250256
87506814
86699850
57507216
1974593
13622639
19085830
96333186
85977670
8813885
49855836
33107405
37362310
44541047
49046444
76566237
82217227
27458904
23531715
71692364
34040135
54400867
47161883
52591
74259086
82924991
20691953
16644406
19951936
38501430
43937265
43729983
91031553
25132881
71128043
16961719
70212891
37899986
42585378
69172758
28525565
54883216
86350956
11560564
84769347
50551046
69726005
54551244
16331276
16934777
44455002
29171350
89130088
81630604
37641663
75622351
11053169
96768577
25632027
70591019
70270303
10291730
74600705
83458673
18996238
21363005
3164535
44265561
76139633
49265138
87568081
4533119
30472966
1202620
91216280
22821183
89050620
94676904
53309570
61986029
70331635
78103475
80360507
90255141
48929764
30375772
66217161
10725129
44262036
92626033
88427199
45793602
90877355
76786353
4322921
47843430
79700222
86777241
94044365
43629891
65129042
67770733
25483909
17036091
51170972
29742935
13401548
35464813
18936692
35414135
79024768
66288732
53243583
26382665
8413528
48036750
83312881
34149237
3361278
86213755
24906743
15979684
52519472
68026096
93586422
32638756
43953079
68184324
87893157
79528305
84550971
46519847
35960209
2354840
1990548
5524704
83019444
22467325
84857078
97061848
5426901
30496616
8142881
75579241
88838268
37389477
61958615
43015658
2681736
58446681
9813152
75946361
25923678
97584153
47406460
69899458
53656162
8981210
4410161
83123014
83999944
68092407
54828102
42734559
19213186
15297142
31332712
14937413
79470412
15170830
26158978
21115145
74120268
75108084
2650888
27294436
9595985
22848697
60736874
95092122
47412595
42160113
99951384
50885785
7027780
14182107
55884448
83560466
56570686
2470173
72869246
78605715
82556145
77135840
26260149
13539580
37790471
4989218
61489128
18360981
15017003
14537729
92179605
45375349
63985934
7314296
73408314
8801087
28592355
63219766
28574577
85837542
48484510
99796260
17638486
39370201
36529943
73511511
37312599
20997491
11188709
86834222
20574600
86921510
55204287
7475601
68614955
57288443
5198161
56628242
80601416
55106995
56487378
49916722
77214542
4096226
86585029
48003765
62403554
94990132
24893624
88586767
80573081
13801356
35793046
2655027
16438319
88084544
11147361
81797866
42051312
24844186
64870926
63199295
18131898
64433831
31947597
88509923
43988353
22217898
35774073
9304132
97580109
24017544
88267613
87814219
33188401
88758896
35205174
60711453
99123776
19108986
5943250
60115090
69158460
78266459
92107158
62893679
80060093
3118623
73916110
93356238
17017451
59318897
81229319
23515766
48736025
89467306
62055106
87409726
67060613
54254520
42170424
92805425
2427481
75301511
56116011
50265595
11296819
68617964
76266690
26912549
32576907
34496746
99279176
17114643
44744545
70391327
610129
55066788
71694658
99739978
3961404
56777849
61845369
7677615
19864805
50993532
92425445
37677621
49338421
720505
46190879
27414599
3451094
46184620
36719521
50020649
15468608
5014962
62266449
73212375
8333971
52053007
54788371
59316960
6942783
99294389
49146680
24920269
51109180
30545779
28082606
89275814
63241467
90185661
99703860
94429336
81288488
46729871
26174441
28864531
83111494
75459418
22766848
23776573
52738332
62885910
42403408
21443075
9980656
74656237
91338274
52042381
81024816
63136890
80353804
13874622
98599697
5079919
28093653
89271611
76995254
64436816
30083766
17398159
20968658
95893317
73514959
19476264
17776729
91451796
11425014
47163394
48365460
54365589
30036356
93559486
84978783
1068082
25976879
20255235
82684975
80251614
81624491
1625709
58343256
46069931
31372061
73133516
93970227
92365922
39566456
79369908
35804700
53317518
62088287
76624945
16627565
4182757
80331990
76942048
64068353
65589967
98820550
42594695
91745341
85593781
98967379
81453193
51946990
49762133
62624050
91826387
6481872
40763952
69076314
59877680
99191889
49359177
90244624
72882711
38011978
79400785
57690258
61784217
42239088
85575874
95718309
1359963
70499223
9378650
11231234
54417410
40433236
92229839
62974118
67420665
33203875
90583898
28015321
63194137
22512072
30320615
4250255
89065916
95246400
40283437
35266345
83991754
66883087
27065639
37794309
48875436
27883756
97981446
50701195
45030042
54808929
24069002
45434283
40547744
49650850
18803182
9440475
88564540
13557315
70883144
91143793
52060047
76200325
18560433
50411356
99640199
39001844
93438893
15701599
68705871
59767608
26867834
15522003
42099149
55458482
78690628
69460120
1483206
20295169
74442916
38707125
45174220
51821653
55176997
33380712
55214998
2601200
77375443
20748993
64795656
20409635
89607125
84468073
79918441
59700696
48350168
33694884
57982714
49485923
37697390
49353197
75032071
74094322
26984393
36986183
78421743
80238369
95774988
97698648
47748903
85925100
24669627
46573670
68261457
17352247
62672285
32683628
54864800
46835582
34573123
5889940
72771031
56794607
59353075
59464304
58338264
39010525
33007985
61970402
33455853
50624167
53898839
61638011
85469048
79322059
52079522
92603849
82412962
41062286
7353606
57195063
91008128
1944791
84684486
56035130
39998172
80176091
10438650
45156208
15273427
84860249
32012997
56211587
81212338
14668222
58443954
90348097
3576097
84284515
10365418
95718173
8003193
31721529
30193540
83237680
13784972
27921327
28533738
84465348
85807109
37249661
57036196
29843029
79446250
21186788
92025354
75825653
24659808
48166496
25988666
43835707
65628392
46640576
46469832
67699893
20017853
3271590
52907325
71798616
88376107
90232196
2776042
84047719
82869475
76156214
6615954
99953725
21888202
80683256
91182191
89293361
2083748
39579599
40125695
92769724
72236980
60067654
41682091
75442149
83398831
17101905
10621346
25284807
91666868
46980627
99111480
14121310
42179902
95433343
41153447
66606778
66481057
23869292
16992604
59035511
28633806
93063024
53926295
41276881
311844
76277624
58403483
97240276
82410987
20990763
17721169
15232931
44067635
91792542
21293426
61585112
95601404
81815317
33056955
2333003
82782420
15929236
71450781
73243297
78616252
72292622
75157788
62884832
14481049
35348351
11522950
4006576
64005536
25751785
42664741
44730807
47149499
57056826
8901428
24846057
59935427
35348169
1082554
41062567
87399256
65323021
60124416
61325950
75406095
24242547
27010805
13419335
22269564
76620084
58040875
32474911
3819234
91268629
95343555
63956488
73586094
28789670
26014289
13892349
76995161
37588402
3005938
8747569
91710858
39961786
40053964
84055509
12905644
26599405
39638936
30265802
65097798
90953898
4725808
48292751
13479761
99245770
98727863
70834227
14612735
62696907
5186926
14016118
98919771
68180143
77010891
63492688
94019878
84786638
46060097
29841761
24916558
17337898
80759332
35615441
7464876
53157342
76627784
56883563
33468929
80889909
46479533
47016538
85464536
16465368
60887216
265195
92744827
69442986
35038014
95225618
71513036
56270875
613581
10144257
45102325
82077520
36529545
89480088
21927768
38989454
69695876
15579654
76820411
71000838
63700585
60102621
67448478
66620256
23159549
50679896
99293039
36699858
67434401
48236690
40870983
54936831
6145465
56032001
17569350
3298175
48180595
1556335
35265081
55551867
57657635
41728727
13849051
81810238
49723686
59238065
76052324
17487760
32580525
86699117
81099531
54106806
37454172
1422281
30933722
38977538
60477264
9217647
42497689
10516593
41865826
73568318
52529435
91608336
22754643
22880588
82763157
9280645
62083632
61824393
10207123
21959593
24905116
14705288
95180474
606090
34742232
809461
54066317
51160827
32875883
86407405
35391395
21831994
15310733
19699763
5249939
4343357
56768774
14841741
74570636
49304668
55719342
15259214
16718589
98288867
49524394
71034316
34175736
42626733
26308189
62968652
22483861
31928896
8282230
34993414
68775299
95947288
91237610
88083806
83960157
8062655
76502600
17019831
66790927
46304180
70738872
66876511
7410454
44980520
29144357
49694411
88393913
16237042
37490259
30831824
53658435
83202684
63377545
87904880
10209209
21428867
18127650
55010487
57369694
41043211
87912765
24423045
56479821
21692810
55836689
10622754
65053610
58231648
13735458
47870989
13654157
31911313
3955595
76588484
7943121
24955405
35564542
10178742
84302771
24373246
44288311
89664357
65384731
34252870
47875249
54865424
65900332
49480838
65515303
68539227
18538527
32036137
38644724
33286151
30187214
98166857
27961854
51746426
59606426
66442445
7569025
60402273
6425601
30161371
69047248
23033759
32348919
26619460
13276619
95501766
67158903
43166358
62725231
6186638
33354632
89036144
59733325
80677510
30029005
96335068
22405833
5562135
51252674
79137847
50674370
39629890
33124335
63053205
9975524
31010055
87176216
25004291
7385002
27510907
3760035
4302535
8768096
56992168
78072508
65572550
82516351
75943219
61330212
88607260
20415946
6170181
19600433
8466536
64968470
96214682
8755555
75031769
93970196
57296630
69778594
16314238
14071666
55904566
38959559
73729498
24948512
66394186
45396603
24502105
29134836
38362266
96407398
20452844
40446156
2995900
38213232
16810513
69220519
5860282
18366437
70455583
80821959
45738780
31810400
24827721
93369606
97920349
50827730
25994607
35058388
69423029
94513738
85173387
20386692
12407039
70923390
31333808
98643873
67029636
40665105
5118943
92039849
95506985
23631739
65131114
66006516
96426
7088855
92855813
50040393
93592920
57197401
17110778
60364362
29011639
97711731
33852255
91242935
32912953
84525941
20042666
55714079
62917848
37807416
22689953
81755804
48065813
45151678
71546210
51315569
20742471
75314708
62633753
31447876
14066725
6724117
70292042
62334452
9106610
93214964
64616054
86525829
43587642
51117101
14198508
49891003
28180412
23903640
5430234
67033257
55946862
60115151
72568696
7742070
18307058
71343582
39393251
7275078
90252735
60985281
85545832
7755435
33266928
66601149
35277773
82565015
76861677
70536859
2743615
49144154
79898228
35208299
8435705
51277134
41835329
30503782
23212529
36259438
64080970
72473349
79679221
82419352
45770376
69517997
35317138
20971100
53524401
161627
7132691
24697665
36841130
80274215
15150543
55819598
74463031
1321763
85089251
53795022
9710769
4886883
68472560
45106490
19916722
94746180
5412416
4208034
59435809
44345734
57502980
21473403
73160236
81414668
47876088
30914243
2212521
71823871
15018002
81931871
36577815
84957439
97115621
72001570
92923915
70626276
23705647
57531119
44637590
78394101
20167346
85181071
80999799
7486036
3082501
28021543
47618336
87927342
79163453
81448429
58051243
77514954
5939922
94735092
73843541
79130393
28837646
65700806
24827643
45493592
35489407
21524611
2017291
58788138
12845144
66071404
11434273
33819483
80123489
78941869
84616734
57208050
71454845
50425989
15757929
90408805
92855950
71452746
67425116
41500232
88355740
93703555
28571577
80468999
65439436
81152534
87440962
15102722
38360776
47190909
46425978
22252209
64460056
16587373
76036866
46510827
7583777
33804753
93058089
38957260
89663225
42564167
31121875
93919016
78668134
28959300
66104241
97149922
7429292
34322709
32984865
21511596
12574169
88378518
227068
83094472
98885757
93448265
93098227
25408055
67563628
54527976
22273214
38036726
9941188
4732084
55946229
1653608
39532034
85643841
91145655
24391433
14134796
63473329
11193312
16709363
51001029
43316938
42399925
50342913
97621010
84469735
58903177
4773568
94914253
23668675
87399473
57622063
21440908
20711263
71025701
96936716
24948499
91688141
78431691
84427421
56818966
49478845
55546099
33096975
51270514
92984503
7684292
86365195
20832974
97446812
63452252
11491940
65116052
35092808
69687544
63146728
40198211
45978196
73178354
6315147
30983208
59181361
24070723
43040691
50685007
47355174
41325958
3605455
52578260
65743043
93524604
48180248
39329562
11544821
26684094
71366597
84395948
55339838
66743736
36436787
78406771
21852871
39891943
29362482
86939256
3157554
95490338
79352153
1802943
3287366
76570981
54930614
9803621
6425689
91151228
69558183
78378032
77528353
58552790
53246046
6213537
1788272
49661187
24516842
82643983
46567760
57584920
93931753
64077787
58161240
61362994
71611348
94810345
73112750
41112916
49132233
77831418
3765893
80910652
35296488
94924227
42696501
43342116
43829075
15286166
33237530
22656638
75560149
89864318
26504323
22123335
72370317
67947928
35924275
13152308
67522636
15099055
32495951
64362172
98547678
69567471
29403009
21000900
24154243
38792018
5442058
65134802
75824007
53389289
82191847
64078064
85903102
93597026
49243630
45360383
38097966
83363451
91202430
72868420
15003412
8552671
50872183
66600095
52621303
71964493
50966280
49841445
67661837
76182092
38971404
92859667
4393993
13316083
18286584
28994755
35329885
37308868
55183756
37744450
54606332
24030536
72310235
80532514
47474694
74398505
64944460
19711232
88855926
94662755
89505756
13324058
57298209
24914
25747536
96706178
19154610
70209994
97944037
5993088
28855657
54478017
54098014
44701596
92629935
93333112
18322728
77971490
49677966
27412928
86695061
83621623
24946594
59173227
74717171
91673250
93951985
45462735
85519481
54751295
95025467
6654627
30851667
84292931
34118899
31590872
78877015
26085577
12675556
67134683
16477821
224358
30968430
60425262
71760302
26140232
17770077
72763340
8790426
60468958
32702201
45957263
48176210
66937158
32325462
50732074
22569794
42236071
56742246
55401152
40478158
78121214
2339976
6656426
40633213
84189809
47002081
70636226
15825405
70912411
66091480
25690223
35119445
58505499
48789116
59962635
80557138
5035811
17075402
75795630
63327126
75068472
40770490
38784052
62127623
32629575
96378540
30213690
59927962
97391567
36025930
30081427
84364753
60630710
98350850
46415426
37414469
59398511
15995215
67650618
61035759
86807188
55454160
21121024
78450994
38682000
48180706
2981430
45473970
83957454
8222402
95351305
35144490
23194006
54654982
44865680
71352674
44262572
92248528
84349018
3739388
8153292
93846608
22294230
55046598
34984692
8468149
72044853
35268715
82136754
15182345
59833806
23805279
3857955
54245673
89434075
53922385
81018675
5287525
17156514
94927120
33165169
63066126
40113381
34089187
67294422
48923331
27657359
89537973
10664393
19103975
81362958
51453688
1607082
19800627
28869549
98379221
77913937
13638606
60131328
10906219
91915636
5354752
46887338
45284879
51862523
70239502
59958790
28398743
68160408
63671760
83750664
13588900
54206955
75154398
48989652
61886188
4844113
72606441
59048633
12154101
28880040
26099778
8040483
32135009
10622672
63136756
43822660
51823730
30423112
12949246
95572725
64074595
79610994
98717580
47394216
79858717
61834964
47055294
25906434
62854418
1489913
32577553
84260752
68593268
46988315
46324368
63605134
99329905
36891389
42598709
29590490
58357088
32799232
58364217
69437115
54283689
33985843
58905132
18890717
25130792
13030821
90736735
63461695
36583657
67518719
18394798
87999926
20564777
8746285
65093547
31114863
23177965
99641956
11676739
30826655
75052
94594739
56011603
87643531
46632709
58026800
40576849
79035958
92715568
6803725
60792045
17225270
24275979
52781069
26118408
5524470
17246567
77117337
54446228
15694786
89093560
34150125
241019
63806799
52174402
91801307
86259950
82091101
23676072
19641395
70823178
7954262
71281931
45043457
12732508
1308460
38155154
80180055
97262860
46453044
80739763
73066562
97807738
84730058
39705209
28270077
43867606
27908492
17937483
8380907
90574818
98748613
14895235
79598531
94352122
38600419
66350229
27059127
46356988
37725451
19163598
56368556
31353004
92656791
8739224
4856756
17602278
57333127
87788459
20069228
11055828
95010993
99175421
61790309
96566405
75593166
89486359
56716483
63165840
34516568
22154672
5436159
9609488
43235298
66446712
54148375
47653652
3990662
29136981
766964
92264298
41705841
13170302
27731956
83874346
28496777
22100653
88762534
57071563
41911076
14834618
19392856
9249987
62745330
96937252
22841933
56666475
58311433
61716844
51561491
97580334
85708600
38449902
64805905
15182367
63564626
54971519
17750281
22707506
66093981
15539892
29886655
76476173
1484158
50324762
58485230
71225906
5339005
54721417
19221839
76235381
45689141
21393077
89575627
44178050
84755847
27554930
11400931
18046997
68109793
76914929
94252247
42177972
51435545
4095911
20482246
69710882
23156325
97393439
32485622
67401378
10929047
51978269
46138215
60152840
14536836
25784863
12576038
38611319
3823059
51963312
46389292
310327
10935912
67679057
64866753
95973057
68585149
66199826
56615727
26176409
71623367
13374840
42497703
95492290
33422196
5804956
74802992
8225297
84633178
57928183
22898526
14710566
73639803
85954977
82605100
25980045
19138751
81699722
35845084
45685796
39293179
999736
13682897
13985029
52075786
50557570
75713005
71449417
38012534
43629548
26090282
85153144
94422989
98860702
10292642
69665436
81318991
59715051
94970592
53262817
9284851
5082400
51928616
71459274
97680586
1866098
95656601
99495803
17765832
4651650
40264035
2670199
21295889
16774299
87095176
12674156
43930896
91647746
79412835
28747225
87852939
99859143
41422988
39015555
78230542
76666478
47099401
79271137
52456370
92865811
78752234
76854104
26907482
72582405
82471851
73084037
34985307
93913621
51494017
81650716
80936108
68529611
79278250
57455182
97671032
15982704
34940514
638635
27975717
67877451
6243589
20401279
35829216
65033274
12792248
99251781
21534861
33975683
98292225
56853601
69664335
8309151
900490
12697601
82770187
39154309
31289656
63042343
91643992
22720205
36116085
69159930
92220523
61210370
49370070
98986152
8417552
58920000
35289384
84299853
11972729
35113787
83105443
71209158
48719937
46786705
20574183
38044241
83797052
43079222
30436687
33262108
76032839
37876300
94172121
87915160
60958165
6099117
19338169
91609318
69563108
48064989
37963538
61110502
30478273
79188791
73970375
21574758
91568184
36628208
50565444
28971411
63370808
28037193
5982899
88813064
53201953
26229393
83670277
65009434
23820171
63231751
42849527
38689970
4696136
17502140
58206388
43504225
65662182
23368787
28593979
65113065
9617702
16261366
17052255
30615470
56388021
62209062
13406334
20119973
2125941
77236103
17489195
81652130
53954567
37156448
95639136
11316349
52123848
36690198
98401474
33409418
3854282
50172871
95478520
71713176
96815521
45950048
45025638
32539438
95948441
56159747
98993060
78804676
35431227
57557066
35237134
54180173
36560341
88209350
92861780
92811836
86670126
24370251
19375247
34672374
45154894
94077000
22973974
12307370
48176103
60509251
27906660
25191447
67214625
72072486
92151532
86191260
53381161
69664556
81861507
49841473
62289798
62877696
957631
76054110
13142713
19978621
39182725
38418166
38071786
57239005
4879434
50227172
72974088
32411622
94953507
83115738
88176179
88171994
77378525
32210372
59165283
88390739
77534293
84113452
22128601
67136123
12779749
91596472
49686946
72730057
62707182
75092632
10458791
10683856
67942937
37908966
82724488
68484296
8998235
59300280
2211674
79403885
67687577
62166818
28735020
55396708
54738006
16787982
38142839
26416822
62986516
4345697
86684419
6958721
64643839
17981880
86001004
40043130
62548018
84697337
57401329
41808111
67455130
66839302
5579443
95606238
40617564
16643970
56024670
8280003
92091239
16448391
73108183
51522580
44827587
27586524
18322283
40658403
64955983
97147219
21972326
84542240
20763602
8786277
86464659
91820788
99899899
87966614
42417778
1097128
62385175
16061320
11761294
26070964
72911620
86316238
31554728
77652570
30861199
52425501
22607940
45659059
36312785
9231183
74033761
15971518
41136297
69247141
99555704
34940237
95974379
85826273
90590788
85750010
8406835
62436962
82643312
44459613
81615588
93965550
26565624
89438797
2551185
79338330
426816
95643029
57132411
86366345
91723383
10687958
67164018
12386383
72298922
33618920
98054390
99585157
51231888
13423247
41895437
48298944
27743231
8402967
69994841
41387888
99101350
53237393
16234434
78258416
26660838
58070493
86549979
12256644
73680382
9242620
81597506
68789375
7799541
24030484
58208085
14098149
11361559
45294892
20600803
98439420
2518686
84134657
27252665
21586615
73934661
56741416
86395630
73284766
17814302
96009751
80478406
31366866
69794138
12022722
46036043
39410886
70312036
14491118
20134873
3190301
95446924
34600158
18787396
66296679
64766761
51435610
33840133
54082817
51900180
343428
26837058
16631555
96556628
16099700
14894414
48137094
30281694
89446442
80559301
59679257
20295482
85818156
76604569
13075201
8567035
66134875
17499919
90889590
94466768
70706710
45046996
30861801
11979127
51934347
60344753
48731796
43139582
52772441
61665793
63556683
51402605
8152703
30578206
99923400
26295460
5912283
46194548
85107378
88804033
87419032
4260383
977477
10417574
53285938
44428089
4114366
55520925
88754692
53839643
43810880
49086888
39292152
39592612
65395964
96969757
78675748
55860463
60480807
35833605
62762990
12203998
22766535
52944619
78788025
41854454
98581745
71631851
27909063
52654262
72601597
23024999
77244388
67722831
6924941
64143375
21824949
30950708
88788384
89232935
41065991
76531795
24253177
68021044
82990200
33284154
75533077
72953210
94896655
98484089
45888434
32701102
36743804
81612640
12497461
15980989
12237089
74765271
7185431
31898000
34696968
27553692
58501536
86107259
54776149
11623361
86342193
81550401
22580230
14703366
6229245
59437342
27345239
18406489
88802646
72199889
26151758
3526745
67826362
86426135
18606449
88670502
47397621
57972254
58276912
79130551
72404651
5390210
8818336
16966852
89994735
41183885
70517588
78247128
54284502
21926858
40107196
72158063
25792762
12325138
27576123
29441648
74451391
25109899
90181599
9244482
79224511
58320137
71072794
93172286
31868898
67315182
31763515
334138
35956841
34302903
42394426
34968009
62147484
44766555
72196977
42551382
6286672
14229623
56132967
7305190
99759859
91259541
51724309
27905174
49540219
34400399
73079268
41987742
68546121
56061651
23844028
59085541
48768195
32715213
5975949
29846367
44792614
5464794
53356726
58268241
88875540
57518964
69159390
1538558
73014348
7193066
42155821
91477224
34042791
51518206
52650219
80573453
44074894
70385090
30581618
29576094
83018915
74909973
38634296
91033896
45740179
74905890
83675159
71833155
69161587
47017856
66387091
65221299
69000439
33271341
14113659
81220119
92628903
18931465
79356161
29579241
24041193
86520015
67425876
35274306
63125686
79392687
71487440
90519944
37262331
1400196
62429230
25263955
13300890
8083351
18172946
13002013
63297122
98937995
32852250
52749742
82163739
66603030
10609309
88993662
6048405
70030796
56029688
42834957
63842466
32147082
30944767
71729450
66923515
58545433
63668993
61187911
98698395
17588216
11858768
59679478
23484342
46051653
13709592
98268950
52528208
29400842
69774600
90496125
19464282
22784038
19545294
88904394
96896972
53107911
94607906
49859993
37732880
18249913
26405403
34756636
47442653
63969445
20471920
71432590
58990470
9215672
76896504
19443539
90267131
2294791
13839594
59036754
36728395
36218945
21074232
89857384
94474119
84526508
62493550
2259160
30025382
12817365
80606042
83478624
29676213
89268382
77033841
74531785
73894063
62914179
8394225
61123888
8788004
10054497
29471031
32903038
53864621
98734242
30498760
80668608
85007801
71161983
58474594
76012415
42124708
5293996
25868695
93189889
70089248
79242157
91740264
51581461
19585408
73699728
17797149
66917151
75492719
20373087
49306013
96116683
19518552
43475329
29085780
41455740
47634857
42073964
86241350
12382532
85782307
87242688
20088824
61285493
33712210
68093600
46309144
60658017
1068588
99701458
7010903
24715721
90796539
40183758
9056906
9614129
96689525
94034019
90841284
85185722
90531378
52417102
46284841
68293468
39374755
69012272
44547942
64931401
6069215
90359649
49528454
14675157
8870711
5413619
32941582
16853578
53946173
38356203
48205749
54156694
52692899
15158501
93462751
28598185
683148
217344
85989593
51120576
31410771
15867753
36107209
2101367
60235903
37009882
4473601
12315577
55147520
11456717
61531096
80715234
76601398
21469161
5313510
6220575
38125474
50332930
90304538
64692332
87115549
90932960
32716874
75588740
6234437
24511342
61267062
18619924
72957230
82609636
71809457
46314863
99559260
20214943
62946831
63710895
7707265
80096706
38530492
90064159
95509122
33937687
25964040
37713699
28293406
90723920
52762129
32863380
22886955
88093487
24776548
37486310
74692025
1961551
27582955
4066051
25680424
30756731
19406881
37019185
25824425
7357347
12015515
3032191
53028010
9946910
85642398
89331439
41386429
36214982
39398403
74053753
7807142
17664958
77207106
25588781
90996880
39679662
40974096
11248131
91861692
31549079
75102735
74441654
27791240
6024902
77464725
90137118
91336534
27831309
15331290
29294510
10060101
95667762
87019686
49785089
21071014
8692319
91387609
77181033
22453810
91486928
42349269
23873
53596258
29743329
47844180
16376258
89643887
46349428
632349
20912471
78702503
29980182
19111565
73581600
2732558
13841990
27991019
57580627
92966496
55854931
72137018
50620372
5811833
58348540
16084957
98121642
87323879
94516318
48827608
33068121
68407335
1857417
86560450
41059401
69566575
11023718
77577070
58969713
78328773
66791434
62277606
19230996
53923555
21133684
25712337
18877551
9341390
38329267
11115906
28574987
29169767
50413847
69568107
79223927
18888927
67816880
75720397
49542369
1298903
8367814
12698291
59252540
26674913
69172993
47184283
97923117
38639139
1797432
79517656
67128709
26433978
16032139
76697032
57510301
31133669
54343128
54789857
5115460
52239220
40637145
73120055
37019385
62735490
94916686
96431400
95891141
44819563
6166032
72387888
36283377
75646396
47368097
49193879
54634473
73044150
40544512
80021428
5328449
76410666
72939975
40444767
90638785
87701276
88595922
66285814
7514401
14232595
88222588
49763210
19170580
62915331
45731074
67446194
42230487
54072158
52390121
94722803
24973846
20119109
7015435
71746379
13884569
6807329
15569087
31143058
30813042
19555678
17887024
48629720
39657934
54758292
53040310
21802584
76165656
96939587
87504102
32386356
24130841
74458717
41849277
60174060
93385119
82194375
58844691
13390237
47188362
42135444
17987180
58037887
76645225
39136859
65556728
78722344
29910064
31936484
16125200
82628390
29276461
87991894
40023613
85714770
17376472
20027197
47470464
46758061
17918295
75981204
98259851
29669947
81094520
8906875
10616825
22483770
85866371
29463351
19063377
38775905
51890305
3857634
99356707
31197151
53020606
52692623
41799910
87180357
27093777
13639319
95401817
48856128
43014179
6345322
98682485
73173454
49087280
79450595
44802021
84696563
69492198
7955559
42794718
39958930
85206031
5985203
72539919
29116958
88618556
14011799
90458622
4122565
16658492
20341218
36621333
1413550
48211180
59544590
48676028
39746777
3268165
53195411
70314483
98414322
90734345
98510385
45032384
54255961
77911009
49774238
70350475
24084934
14366471
89815009
50208906
40450088
67291638
36687309
45175476
88787128
39768608
59338551
64982903
98621394
95841472
11475760
80062498
17518600
10515737
7304282
38734160
85019508
38052188
45336922
45982022
65462276
6811636
8309564
92735510
57412447
82097031
19545949
93632824
71359051
47682266
10473558
99807525
45841392
22136579
87970338
56697813
3254718
34881198
95353679
62926859
71167053
3647575
9342622
84585106
85463172
79871280
10128298
23882779
71047407
92020825
34568193
70762014
85000360
44320194
116689
57875929
34697569
70721413
36847780
5612864
37314287
15046041
43775963
62163561
13469874
15967444
32957512
50279128
19580326
35136151
79615764
46511985
61971319
20079532
72759460
29834918
79002242
58353889
52781121
52468408
11209168
32009233
25432187
97655274
4353744
21585486
87227811
5570831
6831517
34131231
23275270
54893430
58510010
79848080
67105642
88538821
33531808
15588204
73131750
99889761
33960731
62609483
56027291
63755803
97688643
32091312
21183431
67440911
52612448
27924012
63746927
49462343
31311063
82657892
95765714
13931578
2196805
5435915
86503065
35827861
47949259
11543075
41464091
35436089
95977972
99022375
90317846
23041704
47701357
36271762
7896186
71411847
79528581
3950786
27707196
7854390
53493203
7458034
5824456
51097160
66411397
45784311
59687810
13822013
49156469
92190910
28014978
37114697
44122480
6737224
51375336
3606407
40959382
72552117
7553414
71555442
9591311
72907136
57050927
78033996
19933772
68940376
57239394
35358484
53253011
51569408
89357828
656770
65410886
55473965
34795741
75900778
7868955
78328933
66290449
15709484
2351560
26152717
5649537
67539789
25514361
48224298
75691622
28025578
93155140
43581422
33383728
23636812
71334742
72232510
47862654
29289240
8481174
9997970
7842774
91135660
99620194
9917289
46752440
83401129
78647594
68770096
49760249
53702047
72427822
63456298
49677792
76869955
78520309
33204268
23525957
13595595
89716225
5391896
92439230
86203921
16811276
97686927
23104609
87604583
58343025
28048979
75170596
93922368
15154459
98691310
51914934
50420828
12869762
93137450
28336945
3399284
98070662
44382447
81298256
69455673
98684687
35438321
63439765
59780113
58594292
8446381
26166208
40635359
39767372
65838216
48763553
55051063
99157933
70575727
42533107
45606453
53859051
14809863
22010153
93548076
77415600
59782208
93701893
50380529
28171133
97372156
68075295
63952312
4135417
55771908
97950957
217872
6418084
6270102
44145976
85391338
56729985
34616807
6926779
64769637
53151451
4342534
39464450
59178400
97291036
35981785
30713814
90058622
34853380
11542366
54726433
42239068
57703017
33140216
32559560
61221570
67506424
27331959
55489687
74829136
36757061
64018304
38029941
29954871
89612290
52451126
44390812
3001319
33670166
7022933
56555834
22693391
66519962
46592249
44992223
35650949
97224576
26630541
23236259
87623612
69968952
88902406
79575826
76799344
1749354
78162355
80330943
2174643
47696728
50491876
18366421
71255263
9620132
29806630
42489228
39502388
79043064
78855983
81553214
49695387
55687810
57237167
82271355
92380706
74105573
4049877
82359823
12458928
90535031
89202409
16712447
12300722
14155409
53380875
94985783
81211849
38236635
87792391
91865787
13276344
36255765
23294082
67138083
83365599
38048181
75510093
27562248
98741582
59119377
58531543
37319594
66427095
96272044
21585008
72440832
64908465
40344371
26038974
77685283
17104359
27040463
69807155
72257144
66930425
56736582
89045786
63665839
23936783
21872200
3887265
93013548
62455701
45430624
90671794
1356214
75625780
83293018
37998816
41737574
38086270
51614237
92254414
41092458
50843072
7625745
94827242
57382477
76425453
85523215
82638076
50360527
35394531
29779477
40257690
64879724
32122909
10915861
18916915
87910518
56670538
46670452
41982925
84696266
56013110
71071371
40519290
88101297
31246140
94800774
76230115
11806263
53171851
67903488
15632183
78244714
39887574
99926988
16052796
74155967
56401742
48724414
45558881
8209279
88122202
32989002
43620730
66437001
49507660
5200621
17184007
58155429
27640105
94543049
46619209
22965940
20211260
55034059
1848513
55085177
6060348
48611793
46046129
90346316
3459571
93982484
68090501
40935474
44294848
66841530
38092560
22181483
27812953
53577012
33911663
12683353
70700785
68786074
20153510
60136336
47735796
75590499
36498556
30533932
95778536
2563879
46226849
43243090
73955421
74579433
42933701
57565865
23734254
31868730
42222378
26038537
92101324
17455913
515477
52892256
11010779
22077840
2158734
15038896
54676397
89820788
12152022
62139781
55991730
19853366
56762293
56477997
62288379
76367125
52433720
80445752
72852030
11926506
68306031
64956987
74315760
70203168
66086919
31893685
14718023
2182834
92074256
23378515
23530754
83727378
91937843
22714467
70695357
31749567
66200666
59673990
2104400
73615486
73995715
92636431
815547
6584589
97470791
85355340
61471981
64815621
99318272
80215678
54501462
37864744
42008455
15389171
99148126
7836032
80061726
63671617
61904421
87452085
82459511
78932028
45049976
70144531
4714516
93185544
99520206
14821479
71650814
65629660
25273647
46180449
7407154
44889083
97237630
21943883
76463669
28061837
91148034
39480428
10623768
16402710
637040
19046230
39453685
29619197
73939818
37256193
36002036
43733094
41384505
15843015
41302890
66705101
6733919
82222291
90925906
94800169
2914980
81745824
55007854
64613430
35200367
76733961
44847509
27836046
65958475
13238994
35681127
78812962
33846149
6836945
34660997
88677933
84884691
88174374
31394181
84596860
88185972
58796014
7637875
30180381
21533227
34167233
99441391
23231609
36798119
26389993
9390082
27506608
62446457
34002979
55181162
7109734
87290398
52281463
74815815
3147755
64825191
12040933
12591023
92907124
92215956
23246624
32359474
78028668
16542375
98674137
16547118
41558933
35811805
22903748
60224430
90351567
44829494
79339207
59543756
72273616
54579567
96421699
2386335
10222686
74555595
1187183
9487302
34350800
14393124
77915913
56148556
72397686
83955217
47102529
96852375
76336743
75851609
20221630
44292585
85897199
58287065
98066122
72459722
34285109
32182936
29923836
74271848
53221545
9253100
1920225
73591400
76427115
31937418
15485927
38346308
25483947
82867273
90183454
78203720
68895863
61727029
45336736
90482581
53006160
51124145
22594822
86265069
93775913
71300072
39948859
98837277
91263391
21090514
94849307
65337818
60482311
60554366
95154572
6846996
57410549
18821534
49413739
13596150
70552467
65208312
75459430
41416653
93274438
65268900
18771158
77486055
34996918
79313177
7188344
84324957
56405829
26863444
67247594
55123959
78586196
47004083
74107748
62485647
87692726
53894668
60877768
27200037
72876057
61114105
98271354
79546566
53622305
26755290
65853335
27836785
92928454
50533493
6608608
86281397
99473978
51999342
21385529
43349651
79187630
62140774
85814585
51193869
87790856
40140580
62140955
4623972
2729300
78883391
88495416
89377586
24417162
78016932
81799836
90844108
61211039
75083290
3121055
1866315
23785006
75752398
10793166
43476452
39572046
34123268
68558536
42239603
26861874
13439214
64562160
33975980
80530072
30435491
89229904
83209690
6402350
49297462
86091516
37605198
95620185
56477721
36814076
96705710
7375757
71269361
65856220
66407822
10772754
68097480
61149180
98582761
76900409
25189014
96321522
42906191
72123326
89264154
38494353
51267420
62395330
40057075
48305336
88739229
15040799
14585812
57130496
25226081
25291480
48450515
87387151
85327991
1167497
93338037
98407038
26469881
30741110
67069748
38170142
99646383
95114898
33583367
68813667
73136003
63932678
27991476
25088857
36776847
64648638
24556624
31442438
35353278
22112148
48025542
54200736
91461427
91157296
85561681
73194300
82983726
64480838
24979478
10633003
74863308
35121988
1001483
12064351
84527261
31305534
17541485
69807778
47062451
90608963
80721219
5883344
51943956
92380331
1187102
92004166
92898351
93326968
96143456
8415628
79007722
